49279
34967
48540
42560
29911
42730
62475
36659
22051
66519
48677
83536
20002
89845
30264
30078
97985
37873
64388
26024
73806
46695
25443
44121
45947
50768
74664
78993
49645
20047
29470
20349
22721
53681
30031
45992
85992
36646
33554
74913
24722
43832
70786
25556
42098
66731
23841
37575
50565
25731
39810
23855
97196
32962
94343
81073
99151
45886
90681
26469
67113
38217
83249
47491
49088
32489
50466
65001
90941
32087
37331
25741
68271
90775
99898
81405
48354
42136
25298
69456
20571
91105
30491
62641
46271
56499
75082
87741
77991
67783
36936
96730
86006
31993
74329
26987
86709
63651
53150
26234
77463
37442
33605
98759
26340
36211
33853
36525
31896
75486
54266
79594
38866
34233
93796
57654
91745
47878
92208
36278
65918
49532
26787
85431
56751
45327
22805
90707
28405
31212
71645
80608
70702
37556
40283
36620
33145
29998
66144
42507
46413
41262
48885
31295
25145
45141
60450
99061
65014
24879
25739
81343
43990
53479
95066
65103
85857
40129
30855
80266
65800
28005
93863
49490
48220
77969
45177
21626
25883
31003
83303
98607
23956
32013
26180
91952
22529
70799
98898
85068
70507
24538
30533
53291
86690
27342
32352
49059
91646
32185
77051
33131
20707
61972
47956
37832
44968
88019
50109
52961
44384
68432
77922
46784
56763
40892
90331
33848
89659
70292
28916
96074
45910
21181
89502
85979
69977
40659
43565
26521
34866
63194
22131
42551
99739
66090
38224
93709
66232
54257
76971
79732
36983
92149
49245
84051
49130
25197
37930
57364
31226
41444
86824
86861
52450
58933
90875
35547
40771
44782
40092
71344
54671
23477
56992
66840
84943
32177
62744
21707
50884
34313
52210
49780
58602
57397
80127
84320
57076
94620
49444
62388
89411
71733
33212
64130
25910
42508
99952
88930
74984
68138
29443
78272
92246
69175
69819
75222
59454
55428
47595
41260
31609
29945
43146
36501
33802
79200
29845
54369
28411
98692
74934
37025
92386
30978
31446
44307
65437
76493
81891
46583
92413
77664
36599
89916
70054
62101
61180
24110
39379
31552
32485
70487
33658
69944
32868
74939
69296
57076
95962
96190
98940
77825
64249
85881
56648
61821
57788
51542
23441
84096
88839
80254
55712
27417
47440
55948
42802
47563
92669
71076
31508
48938
26091
79679
85993
93110
20591
28410
53302
44306
45475
26917
20207
79577
60067
61196
70910
20919
63961
98308
80756
30034
40610
26052
26440
41275
82451
59759
43069
52759
78742
29147
87847
26891
92837
96496
31713
41339
55168
21385
50460
79258
82188
57716
56767
21930
54530
35629
88178
59576
80683
63960
38386
88533
29322
64825
36379
28152
20913
76770
30174
24303
25292
81852
82089
26284
55304
83513
56354
70609
66929
36870
80195
93457
48954
28692
43120
30824
48976
39905
78705
60720
21723
96499
29788
40725
82806
36316
25983
35250
29935
69603
97306
81362
66744
90005
71091
39330
34956
35558
46254
23092
37283
98026
73277
91954
62720
52023
77349
73079
60001
83756
24799
31261
81356
75884
24805
34509
43831
39076
33340
52159
67100
93360
37948
22559
26325
43019
73379
74268
32549
80937
88844
33060
77931
26577
66061
51306
37440
90204
40652
54870
39856
23726
43948
50550
62858
79342
43781
71339
77213
47163
21167
23306
44850
35666
39476
69811
72967
48463
85156
49363
46635
73170
46112
72183
24869
48088
66556
40521
75439
42667
79713
40902
41836
76039
97682
29340
83097
85637
92199
30482
54943
42898
31474
89377
76457
97031
24319
39466
61243
91541
55657
86730
40671
58590
49121
69099
81289
38416
61519
91662
33879
39258
89258
23259
26835
28210
59420
83225
37984
77590
38581
30049
38440
75016
63983
61262
40082
44263
23505
64612
54944
88582
34921
46125
96314
47915
72151
36931
39029
46851
37691
34193
40447
43838
85682
35643
81084
85376
21861
45154
80886
62213
84688
48271
91311
61013
39789
78797
52642
99007
35217
58119
26283
60575
37001
20557
93284
35785
34751
44946
37262
90907
60896
66440
22533
59456
42124
26826
87948
37341
89249
26130
28933
48138
70662
59012
70895
41454
26484
90530
50739
59032
29959
25926
35753
85247
22710
77836
94397
21252
98258
70095
30043
54701
48735
63896
85086
54541
73537
98822
52349
71985
46873
38270
51153
88599
36200
77767
36511
49580
98646
73890
50469
89869
61837
50531
47392
42167
42984
93093
97584
84480
97381
69569
51760
53258
49531
46194
42996
78656
24292
81692
81570
70804
65861
31617
36804
62783
28239
36066
47541
44562
66466
76158
63762
47991
47660
91874
51064
32501
75313
20300
69833
52970
28464
32803
33288
99300
75475
48611
22062
89717
78106
81663
89328
72428
70864
65715
68406
35945
98071
45114
54726
39796
37148
67977
37752
90267
26926
60092
73714
84148
44239
47930
46961
28042
81648
29316
53668
30375
50346
92277
32622
44598
74604
32703
35816
31994
64929
79480
26745
37858
45071
91814
32575
42952
49064
38873
41337
27126
85579
69901
63383
66236
67957
48656
67503
55271
96154
36827
67001
77997
87018
59184
26270
76466
25712
39485
56644
92151
43478
39398
60561
25378
29396
65819
38521
37812
31387
57558
21623
23163
33639
36075
74769
33896
55417
52160
31102
28808
28241
67227
78397
49867
27776
37782
95592
49346
98586
22734
28401
20430
32643
26427
78681
42159
62881
43110
31556
59035
69244
62758
64341
33458
92073
45111
68869
38080
34850
64809
29675
77510
34667
89064
43305
96599
47684
52032
43740
76677
82544
68284
93432
22968
37483
80478
45825
89394
77137
51377
92562
28940
92054
32002
41239
72064
37589
35703
54208
34625
97683
75105
37669
67351
90973
30762
82712
49851
51859
50723
66652
35841
51065
37621
69307
29452
24549
42001
32546
50078
22418
41582
52062
26947
31233
65215
89022
30999
76162
68427
68390
62094
86690
41244
30016
43405
60437
62723
38827
78401
79557
20085
35555
70358
52117
41255
42829
22282
53901
91645
27485
26819
59686
97944
76459
35418
72268
67901
36490
28439
62311
65561
25210
92803
69516
93087
21343
28111
69973
52557
46948
94850
53539
24570
43913
55389
36424
70088
48437
29837
88613
54233
92035
28559
95883
38754
85677
73898
45074
54570
30853
45692
60405
35795
95440
60491
33639
47544
69274
58569
76043
27930
87257
74511
49976
41617
77531
20970
33262
27851
26676
24683
90610
24367
72153
40250
74663
38835
49773
46122
48168
69473
54357
52086
40370
45157
29186
44336
94732
29347
42310
45342
30939
96870
22227
46362
36403
27295
32788
62275
81638
26537
25573
93186
44388
97469
92821
63891
60543
90502
37912
70450
47956
44784
79378
42546
66535
37072
64493
39785
73907
41334
45603
35095
52073
36722
66399
70939
42777
38652
64971
57022
37355
90909
45316
36953
23897
49979
49373
40248
87183
53250
73901
38684
38333
95657
82503
84772
78693
54420
43957
50733
52482
93734
21572
33098
21920
57012
74087
39293
29115
51679
96737
42329
69481
55295
38568
99192
33055
79798
94170
20967
55235
48569
28962
80814
34877
49885
33261
30046
83065
32155
63783
85517
66213
74499
73600
72788
45435
40337
62756
46810
90892
30576
54597
49875
20129
52311
30372
60536
24696
53933
81307
88039
43172
93458
79749
26491
68209
41898
27183
59632
95114
40600
32034
46214
39054
80767
76427
24095
36082
81105
96889
30636
21180
22597
47009
26526
86899
78727
47143
59304
79336
45977
47027
31580
73507
59793
64699
39294
97087
83652
75191
41308
64056
70726
38886
86533
86514
48679
74861
41590
34587
30287
49749
42386
95908
40644
45258
44383
55668
42485
97152
23837
49395
39554
33902
86709
57774
42673
39156
43075
64299
87810
30011
25091
74619
37031
36638
89761
35266
66195
28127
66513
58513
36482
45299
94506
71374
67147
41789
29474
34732
72014
71674
25407
49040
87750
41284
57982
30359
23181
58260
42867
32919
98101
23202
30734
34173
65714
44835
30684
92627
41198
55966
39078
33231
74236
52963
23213
88848
36398
36118
69417
63404
71871
83867
27992
64916
81044
51633
31298
73385
72441
45838
23313
55607
56290
40294
28176
36159
45942
61726
31674
47029
28996
44775
27394
25258
61363
23547
91742
95666
92916
56215
76637
31742
27532
84648
55641
70260
98295
58223
33832
28085
84185
45173
24965
62576
38317
47546
50111
26865
26776
22223
44995
76194
52991
44880
25324
68271
55400
45904
29580
38021
70308
28164
31483
35441
95562
58674
44435
27457
44049
30782
20935
62740
61555
46405
79518
99076
25923
45858
38157
35989
63336
50689
23145
21957
40492
41604
43444
25122
33067
26647
35254
38321
54166
82923
81957
40744
89393
74083
54537
33875
70782
83485
38317
51838
83949
23319
25145
21924
84699
